1 0.710938 0.579102 0.093750 0.076172
1 0.321289 0.616211 0.095703 0.064453
1 0.335938 0.702148 0.082031 0.115234
1 0.161133 0.626953 0.041016 0.046875
1 0.420898 0.578125 0.599609 0.371094
1 0.443359 0.592773 0.730469 0.408203
1 0.278320 0.409180 0.037109 0.072266
1 0.226562 0.713867 0.089844 0.119141
1 0.737305 0.619141 0.076172 0.074219
1 0.577148 0.620117 0.087891 0.126953
1 0.228516 0.406250 0.070312 0.054688
1 0.176758 0.416992 0.044922 0.076172
1 0.515625 0.410156 0.078125 0.066406
1 0.132812 0.725586 0.101562 0.123047
1 0.607422 0.698242 0.058594 0.044922
1 0.208008 0.484375 0.138672 0.074219
1 0.336914 0.415039 0.044922 0.060547
1 0.441406 0.545898 0.246094 0.158203
1 0.610352 0.366211 0.041016 0.029297
1 0.573242 0.379883 0.041016 0.052734
1 0.635742 0.586914 0.091797 0.076172
1 0.722656 0.678711 0.152344 0.080078
1 0.325195 0.463867 0.060547 0.087891
1 0.336914 0.392578 0.044922 0.046875
1 0.659180 0.631836 0.072266 0.083984
1 0.529297 0.457031 0.074219 0.062500
1 0.612305 0.447266 0.103516 0.066406
1 0.625977 0.396484 0.044922 0.039062
1 0.584961 0.407227 0.044922 0.052734
1 0.233398 0.631836 0.072266 0.064453