1 0.684570 0.617188 0.083984 0.078125
1 0.293945 0.579102 0.103516 0.064453
1 0.260742 0.657227 0.107422 0.107422
1 0.155273 0.558594 0.048828 0.042969
1 0.424805 0.565430 0.591797 0.361328
1 0.375977 0.576172 0.708984 0.386719
1 0.346680 0.379883 0.048828 0.068359
1 0.166016 0.648438 0.113281 0.105469
1 0.685547 0.665039 0.062500 0.080078
1 0.524414 0.631836 0.080078 0.130859
1 0.305664 0.370117 0.068359 0.052734
1 0.254883 0.374023 0.048828 0.068359
1 0.568359 0.416016 0.074219 0.066406
1 0.084961 0.639648 0.119141 0.103516
1 0.517578 0.713867 0.058594 0.044922
1 0.254883 0.439453 0.130859 0.066406
1 0.393555 0.394531 0.044922 0.058594
1 0.437500 0.535156 0.253906 0.152344
1 0.683594 0.389648 0.039062 0.041016
1 0.642578 0.381836 0.039062 0.029297
1 0.600586 0.610352 0.083984 0.080078
1 0.642578 0.719727 0.156250 0.083984
1 0.360352 0.435547 0.072266 0.082031
1 0.402344 0.375977 0.042969 0.052734
1 0.599609 0.656250 0.062500 0.078125
1 0.559570 0.462891 0.072266 0.066406
1 0.654297 0.467773 0.105469 0.072266
1 0.684570 0.421875 0.041016 0.046875
1 0.640625 0.415039 0.039062 0.041016
1 0.211914 0.581055 0.087891 0.068359