1 0.298828 0.544922 0.097656 0.070312
1 0.477539 0.403320 0.068359 0.044922
1 0.411133 0.383789 0.083984 0.048828
1 0.538086 0.360352 0.037109 0.025391
1 0.530273 0.499023 0.478516 0.283203
1 0.496094 0.532227 0.652344 0.376953
1 0.756836 0.448242 0.072266 0.064453
1 0.444336 0.358398 0.080078 0.044922
1 0.242188 0.522461 0.066406 0.056641
1 0.351562 0.476562 0.117188 0.062500
1 0.789062 0.428711 0.046875 0.068359
1 0.784180 0.406250 0.072266 0.058594
1 0.623047 0.564453 0.125000 0.085938
1 0.471680 0.337891 0.076172 0.042969
1 0.285156 0.454102 0.039062 0.029297
1 0.669922 0.393555 0.082031 0.064453
1 0.708984 0.466797 0.046875 0.058594
1 0.511719 0.477539 0.230469 0.126953
1 0.633789 0.664062 0.064453 0.082031
1 0.656250 0.630859 0.062500 0.078125
1 0.339844 0.510742 0.089844 0.064453
1 0.226562 0.490234 0.097656 0.082031
1 0.653320 0.442383 0.103516 0.064453
1 0.746094 0.477539 0.050781 0.060547
1 0.284180 0.487305 0.064453 0.048828
1 0.545898 0.536133 0.083984 0.072266
1 0.503906 0.600586 0.113281 0.107422
1 0.566406 0.637695 0.062500 0.080078
1 0.588867 0.606445 0.060547 0.076172
1 0.502930 0.375977 0.072266 0.041016