1 0.713867 0.476562 0.072266 0.050781
1 0.463867 0.541992 0.076172 0.048828
1 0.503906 0.588867 0.078125 0.076172
1 0.352539 0.564453 0.033203 0.035156
1 0.496094 0.499023 0.417969 0.244141
1 0.526367 0.524414 0.552734 0.298828
1 0.349609 0.405273 0.039062 0.056641
1 0.436523 0.608398 0.076172 0.080078
1 0.744141 0.498047 0.058594 0.046875
1 0.640625 0.514648 0.082031 0.080078
1 0.308594 0.407227 0.058594 0.048828
1 0.273438 0.421875 0.039062 0.058594
1 0.528320 0.383789 0.068359 0.052734
1 0.376953 0.625000 0.078125 0.082031
1 0.681641 0.558594 0.042969 0.031250
1 0.328125 0.464844 0.109375 0.066406
1 0.397461 0.398438 0.037109 0.035156
1 0.513672 0.484375 0.195312 0.113281
1 0.586914 0.342773 0.033203 0.025391
1 0.558594 0.356445 0.035156 0.041016
1 0.666992 0.489258 0.072266 0.052734
1 0.747070 0.535156 0.099609 0.058594
1 0.402344 0.439453 0.058594 0.066406
1 0.388672 0.389648 0.035156 0.041016
1 0.695312 0.513672 0.050781 0.054688
1 0.554688 0.416016 0.062500 0.050781
1 0.610352 0.399414 0.072266 0.052734
1 0.606445 0.364258 0.033203 0.033203
1 0.577148 0.375000 0.037109 0.042969
1 0.404297 0.562500 0.062500 0.054688