1 0.621094 0.346680 0.054688 0.033203
1 0.608398 0.495117 0.052734 0.044922
1 0.703125 0.498047 0.093750 0.050781
1 0.591797 0.575195 0.042969 0.033203
1 0.521484 0.475586 0.457031 0.271484
1 0.487305 0.479492 0.560547 0.291016
1 0.288086 0.484375 0.080078 0.058594
1 0.706055 0.541992 0.099609 0.048828
1 0.673828 0.345703 0.050781 0.027344
1 0.643555 0.398438 0.111328 0.042969
1 0.254883 0.495117 0.060547 0.048828
1 0.254883 0.546875 0.087891 0.062500
1 0.381836 0.375000 0.091797 0.054688
1 0.709961 0.588867 0.107422 0.060547
1 0.721680 0.404297 0.025391 0.027344
1 0.392578 0.536133 0.085938 0.107422
1 0.331055 0.455078 0.044922 0.054688
1 0.521484 0.447266 0.195312 0.109375
1 0.359375 0.325195 0.039062 0.048828
1 0.350586 0.338867 0.037109 0.048828
1 0.619141 0.371094 0.058594 0.035156
1 0.716797 0.362305 0.039062 0.064453
1 0.396484 0.472656 0.109375 0.054688
1 0.292969 0.443359 0.039062 0.035156
1 0.675781 0.373047 0.050781 0.039062
1 0.450195 0.379883 0.056641 0.052734
1 0.459961 0.343750 0.064453 0.050781
1 0.405273 0.326172 0.037109 0.046875
1 0.397461 0.333984 0.037109 0.035156
1 0.612305 0.538086 0.080078 0.052734