1 0.703125 0.620117 0.093750 0.083984
1 0.350586 0.533203 0.099609 0.062500
1 0.300781 0.595703 0.109375 0.097656
1 0.236328 0.497070 0.046875 0.037109
1 0.495117 0.538086 0.556641 0.333984
1 0.447266 0.566406 0.703125 0.406250
1 0.448242 0.356445 0.048828 0.060547
1 0.221680 0.576172 0.111328 0.093750
1 0.690430 0.668945 0.068359 0.087891
1 0.548828 0.610352 0.093750 0.123047
1 0.414062 0.344727 0.062500 0.052734
1 0.366211 0.344727 0.048828 0.064453
1 0.650391 0.420898 0.082031 0.080078
1 0.159180 0.558594 0.111328 0.089844
1 0.516602 0.682617 0.060547 0.048828
1 0.351562 0.402344 0.121094 0.070312
1 0.487305 0.376953 0.044922 0.058594
1 0.500000 0.510742 0.250000 0.150391
1 0.772461 0.403320 0.041016 0.044922
1 0.731445 0.400391 0.041016 0.054688
1 0.625000 0.601562 0.093750 0.082031
1 0.629883 0.709961 0.154297 0.095703
1 0.444336 0.410156 0.076172 0.078125
1 0.500000 0.362305 0.042969 0.056641
1 0.607422 0.643555 0.074219 0.076172
1 0.627930 0.458008 0.080078 0.068359
1 0.723633 0.472656 0.107422 0.078125
1 0.763672 0.435547 0.046875 0.058594
1 0.719727 0.420898 0.044922 0.044922
1 0.279297 0.523438 0.085938 0.062500