1 0.294922 0.458008 0.062500 0.056641
1 0.542969 0.413086 0.066406 0.041016
1 0.511719 0.380859 0.058594 0.046875
1 0.634766 0.399414 0.031250 0.025391
1 0.490234 0.504883 0.429688 0.259766
1 0.535156 0.522461 0.570312 0.314453
1 0.702148 0.537109 0.064453 0.078125
1 0.562500 0.371094 0.062500 0.046875
1 0.282227 0.423828 0.041016 0.039062
1 0.385742 0.428711 0.060547 0.068359
1 0.754883 0.535156 0.072266 0.062500
1 0.785156 0.515625 0.066406 0.074219
1 0.467773 0.581055 0.095703 0.095703
1 0.605469 0.362305 0.058594 0.044922
1 0.364258 0.397461 0.033203 0.021484
1 0.692383 0.470703 0.115234 0.062500
1 0.638672 0.532227 0.050781 0.060547
1 0.494141 0.479492 0.199219 0.115234
1 0.370117 0.635742 0.052734 0.064453
1 0.416016 0.624023 0.050781 0.064453
1 0.347656 0.447266 0.062500 0.054688
1 0.298828 0.404297 0.085938 0.039062
1 0.624023 0.490234 0.076172 0.066406
1 0.657227 0.552734 0.052734 0.062500
1 0.331055 0.415039 0.041016 0.037109
1 0.443359 0.524414 0.074219 0.052734
1 0.365234 0.549805 0.101562 0.080078
1 0.352539 0.595703 0.048828 0.062500
1 0.395508 0.583984 0.048828 0.058594
1 0.592773 0.402344 0.056641 0.039062