1 0.528320 0.379883 0.064453 0.041016
1 0.498047 0.564453 0.066406 0.058594
1 0.607422 0.565430 0.109375 0.060547
1 0.468750 0.667969 0.054688 0.042969
1 0.400391 0.543945 0.527344 0.345703
1 0.339844 0.549805 0.675781 0.361328
1 0.116211 0.559570 0.103516 0.068359
1 0.607422 0.623047 0.117188 0.062500
1 0.587891 0.376953 0.054688 0.031250
1 0.549805 0.440430 0.126953 0.048828
1 0.068359 0.578125 0.089844 0.066406
1 0.059570 0.643555 0.119141 0.076172
1 0.250977 0.417969 0.103516 0.062500
1 0.607422 0.685547 0.125000 0.074219
1 0.637695 0.445312 0.029297 0.031250
1 0.230469 0.624023 0.121094 0.138672
1 0.173828 0.519531 0.058594 0.062500
1 0.404297 0.501953 0.234375 0.136719
1 0.231445 0.356445 0.044922 0.056641
1 0.218750 0.372070 0.046875 0.052734
1 0.523438 0.407227 0.066406 0.041016
1 0.634766 0.396484 0.042969 0.074219
1 0.246094 0.538086 0.132812 0.064453
1 0.127930 0.507812 0.052734 0.042969
1 0.586914 0.409180 0.056641 0.044922
1 0.327148 0.421875 0.068359 0.062500
1 0.343750 0.377930 0.074219 0.056641
1 0.282227 0.359375 0.044922 0.054688
1 0.272461 0.368164 0.044922 0.041016
1 0.498047 0.618164 0.097656 0.064453