1 0.868164 0.509766 0.103516 0.070312
1 0.515625 0.571289 0.101562 0.064453
1 0.561523 0.645508 0.103516 0.111328
1 0.361328 0.589844 0.042969 0.046875
1 0.576172 0.528320 0.562500 0.341797
1 0.634766 0.555664 0.722656 0.396484
1 0.395508 0.381836 0.044922 0.072266
1 0.463867 0.666016 0.099609 0.117188
1 0.910156 0.542969 0.085938 0.066406
1 0.762695 0.555664 0.111328 0.115234
1 0.344727 0.380859 0.072266 0.058594
1 0.298828 0.394531 0.042969 0.074219
1 0.627930 0.371094 0.087891 0.066406
1 0.375977 0.682617 0.095703 0.119141
1 0.817383 0.623047 0.064453 0.042969
1 0.355469 0.455078 0.136719 0.078125
1 0.456055 0.377930 0.044922 0.044922
1 0.594727 0.500000 0.255859 0.148438
1 0.706055 0.323242 0.041016 0.029297
1 0.668945 0.338867 0.044922 0.052734
1 0.802734 0.522461 0.101562 0.072266
1 0.916016 0.595703 0.144531 0.078125
1 0.458008 0.430664 0.072266 0.083984
1 0.447266 0.365234 0.042969 0.050781
1 0.839844 0.559570 0.074219 0.076172
1 0.655273 0.412109 0.080078 0.062500
1 0.731445 0.398438 0.095703 0.066406
1 0.730469 0.351562 0.042969 0.039062
1 0.690430 0.362305 0.048828 0.052734
1 0.431641 0.590820 0.078125 0.064453