1 0.291992 0.502930 0.068359 0.068359
1 0.622070 0.479492 0.083984 0.052734
1 0.592773 0.431641 0.068359 0.062500
1 0.746094 0.473633 0.039062 0.033203
1 0.543945 0.615234 0.580078 0.394531
1 0.605469 0.627930 0.726562 0.431641
1 0.790039 0.700195 0.087891 0.115234
1 0.661133 0.425781 0.072266 0.062500
1 0.291992 0.454102 0.044922 0.044922
1 0.418945 0.479492 0.060547 0.091797
1 0.870117 0.709961 0.111328 0.083984
1 0.921875 0.683594 0.097656 0.113281
1 0.451172 0.716797 0.109375 0.140625
1 0.718750 0.420898 0.074219 0.060547
1 0.405273 0.432617 0.037109 0.025391
1 0.801758 0.591797 0.166016 0.078125
1 0.700195 0.677734 0.068359 0.085938
1 0.535156 0.568359 0.250000 0.164062
1 0.283203 0.783203 0.062500 0.089844
1 0.349609 0.774414 0.062500 0.087891
1 0.360352 0.497070 0.068359 0.068359
1 0.321289 0.435547 0.103516 0.046875
1 0.691406 0.608398 0.097656 0.099609
1 0.716797 0.714844 0.074219 0.089844
1 0.354492 0.450195 0.044922 0.044922
1 0.438477 0.625000 0.087891 0.062500
1 0.324219 0.640625 0.132812 0.093750
1 0.284180 0.713867 0.060547 0.076172
1 0.346680 0.702148 0.056641 0.068359
1 0.689453 0.471680 0.070312 0.052734